0;158,178;1
1;159,186;0,2
2;172,188;1,3
3;188,188;2,4
4;198,174;3,5;100
5;204,186;4,6
6;218,174;5,7;102
7;216,190;6,10,8
8;217,190;7,9
9;217,190;8,10
10;219,201;7,11,9;101
11;231,190;10,12
12;250,190;11,13
13;263,190;12,14
14;278,190;13,15
15;282,198;14,16;103
16;289,187;15,17
17;285,174;16,18;104
18;296,174;17,19
19;302,174;18,20;106
20;302,186;19,21
21;306,200;20,22;105
22;313,189;21,23
23;324,189;22,24
24;337,189;23,25
25;349,188;24,26
26;360,188;25,27
27;369,177;26,28;108
28;371,189;27,29
29;368,202;28,30;107
30;386,195;29,31
31;398,194;30,32
32;408,194;31,33
33;420,194;32,34
34;433,198;33,35;109
35;434,185;34,36
36;434,174;35,37;110
37;445,185;36,38
38;454,187;37,39
39;467,190;38,40
40;479,190;39,41
41;491,191;40,42
42;498,200;41,43;111
43;502,189;42,44
44;500,177;43,45;112
45;513,175;44,46
46;518,175;45,47;11
47;519,190;46,48
48;522,200;47,49;113
49;534,189;48,50
50;549,191;49,51
51;562,189;50,52
52;577,189;51,53
53;598,191;52,54
54;599,201;53,55
55;599,210;54,56
56;599,220;55,57
57;599,232;56,58
58;600,246;57,59
59;600,260;58,60
60;602,274;59,61,116
61;613,282;60,62,116
62;627,281;61,63
63;644,281;62,64
64;654,281;63,65
65;669,281;64,66
66;682,281;65,67
67;696,281;66,68
68;710,280;67,69
69;724,279;68,70
70;736,279;69,71
71;749,281;70,72
72;758,275;71,73
73;762,266;72,74;116
74;762,282;73,75
75;764,294;74,76;115
76;770,290;75,77
77;779,292;76,78;117
78;778,279;77,79
79;778,265;78,80;118
80;786,282;79,81
81;798,281;80,82
82;810,281;81,83
83;825,280;82,84
84;838,280;83,85
85;846,291;84,86;119
86;852,278;85,89,88
87;853,278;86,88
88;851,278;87,89
89;847,266;86,90,88;120
90;866,280;89,91
91;884,282;90,92
92;898,282;91,93
93;912,293;92,94;121
94;912,278;93,95
95;912,266;94,96;122
96;927,281;95,97
97;941,281;96,98
98;953,282;97,99
99;966,282;98,100
100;976,290;99,101;123
101;981,279;100,102
102;978,266;101,103;124
103;986,264;102,104
104;996,265;103,105;126
105;996,278;104,106
106;996,291;105,107;125
107;1006,282;106;108
108;1020,283;107;109
109;1037,281;108;110
110;1050,280;109;111
111;1061,266;110;112;128
112;1062,280;111;113
113;1064,291;112;114;127
114;1075,287;113;115
115;1083,288;114;116;129
116;606,290;61,117,60
117;606,300;116,118
118;602,308;117,119
119;603,326;118,120
120;600,342;119,121
121;596,354;120,122
122;594,366;121,123
123;590,377;122,124
124;587,388;123,125
125;582,402;124,126
126;578,415;125,127,141
127;575,432;126,128,141
128;574,445;127,129
129;574,457;128,130
130;572,467;129,131
131;569,478;130,132
132;562,492;131,133
133;553,495;132,134
134;538,500;133,135
135;523,503;134,136
136;514,503;135,137
137;502,503;136,138
138;490,502;137,139
139;480,500;138,140
140;470,486;139,141;Local
141;585,425;126,142,127
142;598,426;141,143
143;612,426;142,144
144;622,427;143,145
145;634,427;144,146
146;637,436;145;Local 2
